L=1;
g=9.81;
